NUMPOLYS 122

-0.1703 -0.1950 -0.0284 0.2692 0.3714 -0.6516 -0.7273 -0.2155
-0.0998 -0.1950 -0.1104 0.2630 0.2935 -0.3783 -0.7615 -0.5264
-0.1617 -0.0977 -0.0906 0.1963 0.3233 -0.8035 -0.0003 -0.5953

-0.1064 -0.1950  0.1719 0.9624 0.6323 -0.4063 -0.7273  0.5532
-0.1626 -0.1950  0.0795 0.9903 0.5572 -0.6175 -0.7615  0.1971
-0.1629 -0.0977  0.1445 0.8478 0.5699 -0.8145 -0.0003  0.5802

 0.1039 -0.1950  0.1730 0.9864 0.8997  0.4005 -0.7273  0.5574
-0.0014 -0.1950  0.1979 0.9649 0.7668 -0.0034 -0.7615  0.6482
 0.0603 -0.0977  0.2183 0.8462 0.8567  0.3001 -0.0003  0.9539

 0.1699 -0.1950 -0.0266 0.8984 0.5328  0.6538 -0.7273 -0.2087
 0.1610 -0.1950  0.0812 0.8931 0.4110  0.6154 -0.7615  0.2035
 0.1995 -0.0977  0.0288 0.7805 0.4803  1.0000 -0.0003  0.0093

 0.0004 -0.1950 -0.1511 0.2388 0.5332 -0.0026 -0.8852 -0.4652
 0.1002 -0.1950 -0.1094 0.1341 0.5332  0.3837 -0.7615 -0.5224
 0.0623 -0.0977 -0.1621 0.1857 0.6268  0.5126  0.1109 -0.8514

-0.1703 -0.1950 -0.0284 0.2692 0.3714 -0.6516 -0.7273 -0.2155
-0.1617 -0.0977 -0.0906 0.1963 0.3233 -0.8035 -0.0003 -0.5953
-0.2005 -0.0977  0.0267 0.1963 0.4196 -1.0000 -0.0003 -0.0011

-0.1064 -0.1950  0.1719 0.9624 0.6323 -0.4063 -0.7273  0.5532
-0.1629 -0.0977  0.1445 0.8478 0.5699 -0.8145 -0.0003  0.5802
-0.0633 -0.0977  0.2177 0.8321 0.6995 -0.3100 -0.0003  0.9507

 0.1039 -0.1950  0.1730 0.9864 0.8997  0.4005 -0.7273  0.5574
 0.0603 -0.0977  0.2183 0.8462 0.8567  0.3001 -0.0003  0.9539
 0.1607 -0.0977  0.1462 0.8846 0.9814  0.8084 -0.0003  0.5886

 0.1699 -0.1950 -0.0266 0.8984 0.5328  0.6538 -0.7273 -0.2087
 0.1995 -0.0977  0.0288 0.7805 0.4803  1.0000 -0.0003  0.0093
 0.1619 -0.0977 -0.0890 0.7954 0.6028  0.8096 -0.0003 -0.5869

-0.0225 -0.0994 -0.2030 0.3445 0.5646 -0.2482  0.7802 -0.5742
 0.0025 -0.1087 -0.2183 0.3595 0.5548  0.1017  0.5152 -0.8510
 0.0253 -0.1087 -0.2027 0.3870 0.5364  0.3708  0.6415 -0.6716

-0.1709 -0.0082  0.0822 0.1211 0.4534 -0.8521  0.4472  0.2720
-0.1620  0.0075 -0.0257 0.1129 0.3714 -0.9332  0.2328 -0.2738
-0.1006  0.0724  0.0597 0.0505 0.4196 -0.4094  0.8065  0.4265

-0.0014 -0.0082  0.2066 0.5217 0.7748 -0.0046  0.4472  0.8944
-0.1012  0.0075  0.1649 0.3003 0.7288 -0.5036  0.5257  0.6856
-0.0010  0.0724  0.1329 0.5285 0.5811 -0.0027  0.8507  0.5257

 0.1694 -0.0082  0.0839 0.5075 0.1328  0.8492  0.4472  0.2808
 0.0988  0.0075  0.1659 0.3984 0.1877  0.4964  0.5257  0.6908
 0.0993  0.0724  0.0608 0.5227 0.2431  0.3975  0.8026  0.4448

 0.1054 -0.0082 -0.1164 0.1315 0.7139  0.5295  0.4472 -0.7209
 0.1616  0.0075 -0.0240 0.0503 0.7304  0.9334  0.2336 -0.2722
 0.0618  0.0724 -0.0570 0.1521 0.7935 -0.0296  0.7878 -0.6152

-0.1049 -0.0082 -0.1175 0.1211 0.2895 -0.5220  0.4472 -0.7263
 0.0004  0.0075 -0.1424 0.0955 0.2453  0.0044  0.5257 -0.8506
-0.0618  0.0724 -0.0576 0.0505 0.3233  0.0526  0.7883 -0.6130

-0.0618  0.0724 -0.0576 0.5861 0.4418  0.0526  0.7883 -0.6130
 0.0618  0.0724 -0.0570 0.6320 0.3152 -0.0296  0.7878 -0.6152
-0.0005  0.1023  0.0278 0.5261 0.3665 -0.0000  1.0000 -0.0000

-0.0618  0.0724 -0.0576 0.2653 0.7944  0.0526  0.7883 -0.6130
 0.0004  0.0075 -0.1424 0.2358 0.7295  0.0044  0.5257 -0.8506
 0.0618  0.0724 -0.0570 0.1521 0.7935 -0.0296  0.7878 -0.6152

 0.0004  0.0075 -0.1424 0.2358 0.7295  0.0044  0.5257 -0.8506
 0.1054 -0.0082 -0.1164 0.1315 0.7139  0.5295  0.4472 -0.7209
 0.0618  0.0724 -0.0570 0.1521 0.7935 -0.0296  0.7878 -0.6152

 0.0618  0.0724 -0.0570 0.6320 0.3152 -0.0296  0.7878 -0.6152
 0.0993  0.0724  0.0608 0.5227 0.2431  0.3975  0.8026  0.4448
-0.0005  0.1023  0.0278 0.5261 0.3665 -0.0000  1.0000 -0.0000

 0.0618  0.0724 -0.0570 0.6010 0.0437 -0.0296  0.7878 -0.6152
 0.1510  0.1619  0.0245 0.6599 0.0890  0.1103  0.5769  0.8094
 0.0993  0.0724  0.0608 0.6599 0.0220  0.3975  0.8026  0.4448

 0.1616  0.0075 -0.0240 0.6211 0.1778  0.9334  0.2336 -0.2722
 0.1694 -0.0082  0.0839 0.5075 0.1328  0.8492  0.4472  0.2808
 0.0993  0.0724  0.0608 0.5227 0.2431  0.3975  0.8026  0.4448

 0.0993  0.0724  0.0608 0.5227 0.2431  0.3975  0.8026  0.4448
-0.0010  0.0724  0.1329 0.4093 0.3251 -0.0027  0.8507  0.5257
-0.0005  0.1023  0.0278 0.5261 0.3665 -0.0000  1.0000 -0.0000

 0.0993  0.0724  0.0608 0.5227 0.2431  0.3975  0.8026  0.4448
 0.0988  0.0075  0.1659 0.3984 0.1877  0.4964  0.5257  0.6908
-0.0010  0.0724  0.1329 0.4093 0.3251 -0.0027  0.8507  0.5257

 0.0988  0.0075  0.1659 0.7541 0.7298  0.4964  0.5257  0.6908
-0.0014 -0.0082  0.2066 0.5217 0.7748 -0.0046  0.4472  0.8944
-0.0010  0.0724  0.1329 0.5285 0.5811 -0.0027  0.8507  0.5257

-0.0010  0.0724  0.1329 0.4093 0.3251 -0.0027  0.8507  0.5257
-0.1006  0.0724  0.0597 0.4485 0.4480 -0.4094  0.8065  0.4265
-0.0005  0.1023  0.0278 0.5261 0.3665 -0.0000  1.0000 -0.0000

-0.0010  0.0724  0.1329 0.4093 0.3251 -0.0027  0.8507  0.5257
-0.1012  0.0075  0.1649 0.3242 0.3926 -0.5036  0.5257  0.6856
-0.1006  0.0724  0.0597 0.4485 0.4480 -0.4094  0.8065  0.4265

-0.1012  0.0075  0.1649 0.0955 0.4976 -0.5036  0.5257  0.6856
-0.1709 -0.0082  0.0822 0.1211 0.4534 -0.8521  0.4472  0.2720
-0.1006  0.0724  0.0597 0.0505 0.4196 -0.4094  0.8065  0.4265

-0.1006  0.0724  0.0597 0.4485 0.4480 -0.4094  0.8065  0.4265
-0.0618  0.0724 -0.0576 0.5861 0.4418  0.0526  0.7883 -0.6130
-0.0005  0.1023  0.0278 0.5261 0.3665 -0.0000  1.0000 -0.0000

-0.0618  0.0724 -0.0576 0.8066 0.1288  0.0526  0.7883 -0.6130
-0.2133  0.0969 -0.0695 0.9259 0.2483 -0.8970 -0.2311 -0.3767
-0.1620  0.0075 -0.0257 0.9259 0.1247 -0.9332  0.2328 -0.2738

-0.1620  0.0075 -0.0257 0.1129 0.3714 -0.9332  0.2328 -0.2738
-0.1049 -0.0082 -0.1175 0.1211 0.2895 -0.5220  0.4472 -0.7263
-0.0618  0.0724 -0.0576 0.0505 0.3233  0.0526  0.7883 -0.6130

-0.0613 -0.0977 -0.1628 0.2989 0.6277 -0.5040  0.0977 -0.8582
 0.0004  0.0075 -0.1424 0.2358 0.7295  0.0044  0.5257 -0.8506
-0.1049 -0.0082 -0.1175 0.3240 0.7155 -0.5220  0.4472 -0.7263

-0.0613 -0.0977 -0.1628 0.2989 0.6277 -0.5040  0.0977 -0.8582
 0.0623 -0.0977 -0.1621 0.1857 0.6268  0.5126  0.1109 -0.8514
 0.0004  0.0075 -0.1424 0.2358 0.7295  0.0044  0.5257 -0.8506

 0.0623 -0.0977 -0.1621 0.1857 0.6268  0.5126  0.1109 -0.8514
 0.1054 -0.0082 -0.1164 0.1315 0.7139  0.5295  0.4472 -0.7209
 0.0004  0.0075 -0.1424 0.2358 0.7295  0.0044  0.5257 -0.8506

 0.1619 -0.0977 -0.0890 0.0711 0.6273  0.8096 -0.0003 -0.5869
 0.1616  0.0075 -0.0240 0.0503 0.7304  0.9334  0.2336 -0.2722
 0.1054 -0.0082 -0.1164 0.1315 0.7139  0.5295  0.4472 -0.7209

 0.1619 -0.0977 -0.0890 0.7954 0.6028  0.8096 -0.0003 -0.5869
 0.1995 -0.0977  0.0288 0.7805 0.4803  1.0000 -0.0003  0.0093
 0.1616  0.0075 -0.0240 0.6740 0.5332  0.9334  0.2336 -0.2722

 0.1995 -0.0977  0.0288 0.7805 0.4803  1.0000 -0.0003  0.0093
 0.1694 -0.0082  0.0839 0.6830 0.4145  0.8492  0.4472  0.2808
 0.1616  0.0075 -0.0240 0.6740 0.5332  0.9334  0.2336 -0.2722

 0.1607 -0.0977  0.1462 0.7805 0.3411  0.8084 -0.0003  0.5886
 0.0988  0.0075  0.1659 0.6740 0.3081  0.4964  0.5257  0.6908
 0.1694 -0.0082  0.0839 0.6830 0.4145  0.8492  0.4472  0.2808

 0.1607 -0.0977  0.1462 0.8711 0.9520  0.8084 -0.0003  0.5886
 0.0603 -0.0977  0.2183 0.6705 0.9948  0.3001 -0.0003  0.9539
 0.0988  0.0075  0.1659 0.7541 0.7298  0.4964  0.5257  0.6908

 0.0603 -0.0977  0.2183 0.6705 0.9948  0.3001 -0.0003  0.9539
-0.0014 -0.0082  0.2066 0.5217 0.7748 -0.0046  0.4472  0.8944
 0.0988  0.0075  0.1659 0.7541 0.7298  0.4964  0.5257  0.6908

-0.0633 -0.0977  0.2177 0.3726 0.9919 -0.3100 -0.0003  0.9507
-0.1012  0.0075  0.1649 0.3003 0.7288 -0.5036  0.5257  0.6856
-0.0014 -0.0082  0.2066 0.5217 0.7748 -0.0046  0.4472  0.8944

-0.0633 -0.0977  0.2177 0.3726 0.9919 -0.3100 -0.0003  0.9507
-0.1629 -0.0977  0.1445 0.1911 0.9463 -0.8145 -0.0003  0.5802
-0.1012  0.0075  0.1649 0.3003 0.7288 -0.5036  0.5257  0.6856

-0.1629 -0.0977  0.1445 0.1856 0.4976 -0.8145 -0.0003  0.5802
-0.1709 -0.0082  0.0822 0.1211 0.4534 -0.8521  0.4472  0.2720
-0.1012  0.0075  0.1649 0.0955 0.4976 -0.5036  0.5257  0.6856

-0.2005 -0.0977  0.0267 0.1963 0.4196 -1.0000 -0.0003 -0.0011
-0.1620  0.0075 -0.0257 0.1129 0.3714 -0.9332  0.2328 -0.2738
-0.1709 -0.0082  0.0822 0.1211 0.4534 -0.8521  0.4472  0.2720

-0.2005 -0.0977  0.0267 0.1963 0.4196 -1.0000 -0.0003 -0.0011
-0.1617 -0.0977 -0.0906 0.1963 0.3233 -0.8035 -0.0003 -0.5953
-0.1620  0.0075 -0.0257 0.1129 0.3714 -0.9332  0.2328 -0.2738

-0.1617 -0.0977 -0.0906 0.1963 0.3233 -0.8035 -0.0003 -0.5953
-0.1049 -0.0082 -0.1175 0.1211 0.2895 -0.5220  0.4472 -0.7263
-0.1620  0.0075 -0.0257 0.1129 0.3714 -0.9332  0.2328 -0.2738

 0.0623 -0.0977 -0.1621 0.1857 0.6268  0.5126  0.1109 -0.8514
 0.1619 -0.0977 -0.0890 0.0711 0.6273  0.8096 -0.0003 -0.5869
 0.1054 -0.0082 -0.1164 0.1315 0.7139  0.5295  0.4472 -0.7209

 0.0623 -0.0977 -0.1621 0.1857 0.6268  0.5126  0.1109 -0.8514
 0.1002 -0.1950 -0.1094 0.1341 0.5332  0.3837 -0.7615 -0.5224
 0.1619 -0.0977 -0.0890 0.0711 0.6273  0.8096 -0.0003 -0.5869

 0.1002 -0.1950 -0.1094 0.1341 0.5332  0.3837 -0.7615 -0.5224
 0.1699 -0.1950 -0.0266 0.0438 0.5341  0.6538 -0.7273 -0.2087
 0.1619 -0.0977 -0.0890 0.0711 0.6273  0.8096 -0.0003 -0.5869

 0.1995 -0.0977  0.0288 0.7805 0.4803  1.0000 -0.0003  0.0093
 0.1607 -0.0977  0.1462 0.7805 0.3411  0.8084 -0.0003  0.5886
 0.1694 -0.0082  0.0839 0.6830 0.4145  0.8492  0.4472  0.2808

 0.1995 -0.0977  0.0288 0.7805 0.4803  1.0000 -0.0003  0.0093
 0.1610 -0.1950  0.0812 0.8931 0.4110  0.6154 -0.7615  0.2035
 0.1607 -0.0977  0.1462 0.7805 0.3411  0.8084 -0.0003  0.5886

 0.1610 -0.1950  0.0812 0.8931 0.4110  0.6154 -0.7615  0.2035
 0.1039 -0.1950  0.1730 0.8984 0.2962  0.4005 -0.7273  0.5574
 0.1607 -0.0977  0.1462 0.7805 0.3411  0.8084 -0.0003  0.5886

 0.0603 -0.0977  0.2183 0.6705 0.9948  0.3001 -0.0003  0.9539
-0.0633 -0.0977  0.2177 0.3726 0.9919 -0.3100 -0.0003  0.9507
-0.0014 -0.0082  0.2066 0.5217 0.7748 -0.0046  0.4472  0.8944

 0.0603 -0.0977  0.2183 0.8462 0.8567  0.3001 -0.0003  0.9539
-0.0014 -0.1950  0.1979 0.9649 0.7668 -0.0034 -0.7615  0.6482
-0.0633 -0.0977  0.2177 0.8321 0.6995 -0.3100 -0.0003  0.9507

-0.0014 -0.1950  0.1979 0.9649 0.7668 -0.0034 -0.7615  0.6482
-0.1064 -0.1950  0.1719 0.9624 0.6323 -0.4063 -0.7273  0.5532
-0.0633 -0.0977  0.2177 0.8321 0.6995 -0.3100 -0.0003  0.9507

-0.1629 -0.0977  0.1445 0.1856 0.4976 -0.8145 -0.0003  0.5802
-0.2005 -0.0977  0.0267 0.1963 0.4196 -1.0000 -0.0003 -0.0011
-0.1709 -0.0082  0.0822 0.1211 0.4534 -0.8521  0.4472  0.2720

-0.1629 -0.0977  0.1445 0.1856 0.4976 -0.8145 -0.0003  0.5802
-0.1626 -0.1950  0.0795 0.2630 0.4494 -0.6175 -0.7615  0.1971
-0.2005 -0.0977  0.0267 0.1963 0.4196 -1.0000 -0.0003 -0.0011

-0.1626 -0.1950  0.0795 0.2630 0.4494 -0.6175 -0.7615  0.1971
-0.1703 -0.1950 -0.0284 0.2692 0.3714 -0.6516 -0.7273 -0.2155
-0.2005 -0.0977  0.0267 0.1963 0.4196 -1.0000 -0.0003 -0.0011

-0.1617 -0.0977 -0.0906 0.1963 0.3233 -0.8035 -0.0003 -0.5953
-0.0613 -0.0977 -0.1628 0.1856 0.2453 -0.5040  0.0977 -0.8582
-0.1049 -0.0082 -0.1175 0.1211 0.2895 -0.5220  0.4472 -0.7263

-0.1617 -0.0977 -0.0906 0.1963 0.3233 -0.8035 -0.0003 -0.5953
-0.0998 -0.1950 -0.1104 0.2630 0.2935 -0.3783 -0.7615 -0.5264
-0.0613 -0.0977 -0.1628 0.1856 0.2453 -0.5040  0.0977 -0.8582

-0.0998 -0.1950 -0.1104 0.3172 0.5346 -0.3783 -0.7615 -0.5264
 0.0004 -0.1950 -0.1511 0.2388 0.5332 -0.0026 -0.8852 -0.4652
-0.0613 -0.0977 -0.1628 0.2989 0.6277 -0.5040  0.0977 -0.8582

-0.0998 -0.1950 -0.1104 0.5295 0.0705 -0.3783 -0.7615 -0.5264
-0.0014 -0.1950  0.1979 0.5712 0.0448 -0.0034 -0.7615  0.6482
 0.1610 -0.1950  0.0812 0.5482 0.0252  0.6154 -0.7615  0.2035

 0.1134  0.1619 -0.0932 0.6010 0.1107 -0.5291  0.3485 -0.7737
 0.1552  0.1950 -0.0196 0.6452 0.1185  0.0600  0.9195  0.3884
 0.1510  0.1619  0.0245 0.6599 0.0890  0.1103  0.5769  0.8094

 0.1510  0.1619  0.0245 0.6740 0.2405  0.1103  0.5769  0.8094
 0.1863  0.1625 -0.0620 0.7661 0.2890  0.8070  0.4552 -0.3762
 0.2133  0.0969 -0.0602 0.7987 0.2295  0.9113 -0.2181 -0.3492

-0.0618  0.0724 -0.0576 0.5861 0.4418  0.0526  0.7883 -0.6130
-0.1519  0.1619  0.0159 0.4944 0.5485 -0.1271  0.5994  0.7903
-0.1131  0.1619 -0.1015 0.6320 0.5424  0.5434  0.3270 -0.7732

 0.0618  0.0724 -0.0570 0.1521 0.7935 -0.0296  0.7878 -0.6152
 0.2133  0.0969 -0.0602 0.0147 0.8160  0.9113 -0.2181 -0.3492
 0.1134  0.1619 -0.0932 0.1165 0.8791 -0.5291  0.3485 -0.7737

-0.1620  0.0075 -0.0257 0.0962 0.0317 -0.9332  0.2328 -0.2738
-0.1519  0.1619  0.0159 0.0008 0.1863 -0.1271  0.5994  0.7903
-0.1006  0.0724  0.0597 0.0962 0.1528 -0.4094  0.8065  0.4265

 0.1616  0.0075 -0.0240 0.7987 0.1092  0.9334  0.2336 -0.2722
 0.1510  0.1619  0.0245 0.6740 0.2405  0.1103  0.5769  0.8094
 0.2133  0.0969 -0.0602 0.7987 0.2295  0.9113 -0.2181 -0.3492

 0.1364  0.1950 -0.0785 0.2634 0.1863 -0.2060  0.8476 -0.4891
 0.1863  0.1625 -0.0620 0.2634 0.1173  0.8070  0.4552 -0.3762
 0.1552  0.1950 -0.0196 0.2118 0.1460  0.0600  0.9195  0.3884

-0.1556  0.1950 -0.0283 0.1533 0.1842 -0.0641  0.9195  0.3878
-0.1863  0.1625 -0.0710 0.1533 0.1269 -0.8031  0.4552 -0.3845
-0.1362  0.1950 -0.0870 0.0979 0.1413  0.2111  0.8476 -0.4869

-0.1131  0.1619 -0.1015 0.8066 0.2523  0.5434  0.3270 -0.7732
-0.1863  0.1625 -0.0710 0.8600 0.2925 -0.8031  0.4552 -0.3845
-0.2133  0.0969 -0.0695 0.9259 0.2483 -0.8970 -0.2311 -0.3767

-0.1131  0.1619 -0.1015 0.3497 0.2321  0.5434  0.3270 -0.7732
-0.1556  0.1950 -0.0283 0.3163 0.1421 -0.0641  0.9195  0.3878
-0.1362  0.1950 -0.0870 0.3163 0.2116  0.2111  0.8476 -0.4869

 0.1134  0.1619 -0.0932 0.1165 0.8791 -0.5291  0.3485 -0.7737
 0.1863  0.1625 -0.0620 0.0398 0.8797  0.8070  0.4552 -0.3762
 0.1364  0.1950 -0.0785 0.0907 0.9113 -0.2060  0.8476 -0.4891

-0.1519  0.1619  0.0159 0.2102 0.1863 -0.1271  0.5994  0.7903
-0.1863  0.1625 -0.0710 0.1533 0.1269 -0.8031  0.4552 -0.3845
-0.1556  0.1950 -0.0283 0.1533 0.1842 -0.0641  0.9195  0.3878

 0.0006 -0.1840 -0.1843 0.4212 0.6183 -0.0243 -0.8853 -0.4644
 0.0133 -0.1652 -0.1962 0.4160 0.5974  0.5060 -0.7015 -0.5019
-0.0106 -0.1652 -0.1963 0.3944 0.6107 -0.5502 -0.6706 -0.4976

 0.0004 -0.1950 -0.1511 0.4392 0.6163 -0.0026 -0.8852 -0.4652
-0.0106 -0.1652 -0.1963 0.3944 0.6107 -0.5502 -0.6706 -0.4976
-0.0345 -0.1182 -0.2009 0.3473 0.5890 -0.7433 -0.1840 -0.6431

 0.0623 -0.0977 -0.1621 0.4289 0.4930  0.5126  0.1109 -0.8514
 0.0373 -0.1275 -0.2005 0.4114 0.5474  0.8088 -0.2090 -0.5498
 0.0133 -0.1652 -0.1962 0.4160 0.5974  0.5060 -0.7015 -0.5019

-0.0214 -0.1463 -0.2140 0.3650 0.6049 -0.5907 -0.4260 -0.6853
-0.0094 -0.1182 -0.2162 0.3623 0.5801 -0.2931  0.0969 -0.9512
-0.0345 -0.1182 -0.2009 0.3473 0.5890 -0.7433 -0.1840 -0.6431

 0.0025 -0.1463 -0.2139 0.3866 0.5912 -0.0011 -0.4110 -0.9116
 0.0145 -0.1275 -0.2160 0.3841 0.5659  0.2793  0.0734 -0.9574
-0.0094 -0.1182 -0.2162 0.3623 0.5801 -0.2931  0.0969 -0.9512

 0.0264 -0.1463 -0.2138 0.4088 0.5772  0.5979 -0.4113 -0.6880
 0.0373 -0.1275 -0.2005 0.4114 0.5474  0.8088 -0.2090 -0.5498
 0.0145 -0.1275 -0.2160 0.3841 0.5659  0.2793  0.0734 -0.9574

-0.0345 -0.1182 -0.2009 0.3473 0.5890 -0.7433 -0.1840 -0.6431
-0.0225 -0.0994 -0.2030 0.3445 0.5646 -0.2482  0.7802 -0.5742
-0.0472 -0.1087 -0.1933 0.3280 0.5754 -0.8427 -0.0883 -0.5311

-0.0345 -0.1182 -0.2009 0.3473 0.5890 -0.7433 -0.1840 -0.6431
-0.0094 -0.1182 -0.2162 0.3623 0.5801 -0.2931  0.0969 -0.9512
-0.0225 -0.0994 -0.2030 0.3445 0.5646 -0.2482  0.7802 -0.5742

-0.0094 -0.1182 -0.2162 0.3623 0.5801 -0.2931  0.0969 -0.9512
 0.0025 -0.1087 -0.2183 0.3595 0.5548  0.1017  0.5152 -0.8510
-0.0225 -0.0994 -0.2030 0.3445 0.5646 -0.2482  0.7802 -0.5742

 0.0145 -0.1275 -0.2160 0.3841 0.5659  0.2793  0.0734 -0.9574
 0.0253 -0.1087 -0.2027 0.3870 0.5364  0.3708  0.6415 -0.6716
 0.0025 -0.1087 -0.2183 0.3595 0.5548  0.1017  0.5152 -0.8510

 0.0145 -0.1275 -0.2160 0.3841 0.5659  0.2793  0.0734 -0.9574
 0.0373 -0.1275 -0.2005 0.4114 0.5474  0.8088 -0.2090 -0.5498
 0.0253 -0.1087 -0.2027 0.3870 0.5364  0.3708  0.6415 -0.6716

 0.0373 -0.1275 -0.2005 0.4114 0.5474  0.8088 -0.2090 -0.5498
 0.0485 -0.1087 -0.1928 0.4123 0.5196  0.7288  0.3154 -0.6078
 0.0253 -0.1087 -0.2027 0.3870 0.5364  0.3708  0.6415 -0.6716

-0.0106 -0.1652 -0.1963 0.3944 0.6107 -0.5502 -0.6706 -0.4976
 0.0025 -0.1463 -0.2139 0.3866 0.5912 -0.0011 -0.4110 -0.9116
-0.0214 -0.1463 -0.2140 0.3650 0.6049 -0.5907 -0.4260 -0.6853

-0.0106 -0.1652 -0.1963 0.3944 0.6107 -0.5502 -0.6706 -0.4976
 0.0133 -0.1652 -0.1962 0.4160 0.5974  0.5060 -0.7015 -0.5019
 0.0025 -0.1463 -0.2139 0.3866 0.5912 -0.0011 -0.4110 -0.9116

 0.0133 -0.1652 -0.1962 0.4160 0.5974  0.5060 -0.7015 -0.5019
 0.0264 -0.1463 -0.2138 0.4088 0.5772  0.5979 -0.4113 -0.6880
 0.0025 -0.1463 -0.2139 0.3866 0.5912 -0.0011 -0.4110 -0.9116

 0.0006 -0.1840 -0.1843 0.4212 0.6183 -0.0243 -0.8853 -0.4644
 0.0004 -0.1950 -0.1511 0.4392 0.6163 -0.0026 -0.8852 -0.4652
 0.0133 -0.1652 -0.1962 0.4160 0.5974  0.5060 -0.7015 -0.5019

 0.0004 -0.1950 -0.1511 0.4392 0.6163 -0.0026 -0.8852 -0.4652
 0.0623 -0.0977 -0.1621 0.4289 0.4930  0.5126  0.1109 -0.8514
 0.0133 -0.1652 -0.1962 0.4160 0.5974  0.5060 -0.7015 -0.5019

 0.0623 -0.0977 -0.1621 0.4289 0.4930  0.5126  0.1109 -0.8514
 0.0485 -0.1087 -0.1928 0.4123 0.5196  0.7288  0.3154 -0.6078
 0.0373 -0.1275 -0.2005 0.4114 0.5474  0.8088 -0.2090 -0.5498

 0.0373 -0.1275 -0.2005 0.4114 0.5474  0.8088 -0.2090 -0.5498
 0.0264 -0.1463 -0.2138 0.4088 0.5772  0.5979 -0.4113 -0.6880
 0.0133 -0.1652 -0.1962 0.4160 0.5974  0.5060 -0.7015 -0.5019

-0.0472 -0.1087 -0.1933 0.3280 0.5754 -0.8427 -0.0883 -0.5311
-0.0613 -0.0977 -0.1628 0.3240 0.5635 -0.5040  0.0977 -0.8582
-0.0345 -0.1182 -0.2009 0.3473 0.5890 -0.7433 -0.1840 -0.6431

-0.0613 -0.0977 -0.1628 0.3240 0.5635 -0.5040  0.0977 -0.8582
 0.0004 -0.1950 -0.1511 0.4392 0.6163 -0.0026 -0.8852 -0.4652
-0.0345 -0.1182 -0.2009 0.3473 0.5890 -0.7433 -0.1840 -0.6431

 0.0004 -0.1950 -0.1511 0.4392 0.6163 -0.0026 -0.8852 -0.4652
 0.0006 -0.1840 -0.1843 0.4212 0.6183 -0.0243 -0.8853 -0.4644
-0.0106 -0.1652 -0.1963 0.3944 0.6107 -0.5502 -0.6706 -0.4976

-0.0106 -0.1652 -0.1963 0.3944 0.6107 -0.5502 -0.6706 -0.4976
-0.0214 -0.1463 -0.2140 0.3650 0.6049 -0.5907 -0.4260 -0.6853
-0.0345 -0.1182 -0.2009 0.3473 0.5890 -0.7433 -0.1840 -0.6431

 0.0485 -0.1087 -0.1928 0.4123 0.5196  0.7288  0.3154 -0.6078
 0.0623 -0.0977 -0.1621 0.4289 0.4930  0.5126  0.1109 -0.8514
 0.0253 -0.1087 -0.2027 0.3870 0.5364  0.3708  0.6415 -0.6716

 0.0623 -0.0977 -0.1621 0.4289 0.4930  0.5126  0.1109 -0.8514
-0.0613 -0.0977 -0.1628 0.3240 0.5635 -0.5040  0.0977 -0.8582
-0.0225 -0.0994 -0.2030 0.3445 0.5646 -0.2482  0.7802 -0.5742

 0.0253 -0.1087 -0.2027 0.3870 0.5364  0.3708  0.6415 -0.6716
 0.0623 -0.0977 -0.1621 0.4289 0.4930  0.5126  0.1109 -0.8514
-0.0225 -0.0994 -0.2030 0.3445 0.5646 -0.2482  0.7802 -0.5742

-0.0613 -0.0977 -0.1628 0.3240 0.5635 -0.5040  0.0977 -0.8582
-0.0472 -0.1087 -0.1933 0.3280 0.5754 -0.8427 -0.0883 -0.5311
-0.0225 -0.0994 -0.2030 0.3445 0.5646 -0.2482  0.7802 -0.5742

 0.0618  0.0724 -0.0570 0.6010 0.0437 -0.0296  0.7878 -0.6152
 0.1134  0.1619 -0.0932 0.6010 0.1107 -0.5291  0.3485 -0.7737
 0.1510  0.1619  0.0245 0.6599 0.0890  0.1103  0.5769  0.8094

-0.0618  0.0724 -0.0576 0.8066 0.1288  0.0526  0.7883 -0.6130
-0.1131  0.1619 -0.1015 0.8066 0.2523  0.5434  0.3270 -0.7732
-0.2133  0.0969 -0.0695 0.9259 0.2483 -0.8970 -0.2311 -0.3767

-0.1703 -0.1950 -0.0284 0.5441 0.0779 -0.6516 -0.7273 -0.2155
-0.1626 -0.1950  0.0795 0.5597 0.0728 -0.6175 -0.7615  0.1971
-0.0998 -0.1950 -0.1104 0.5295 0.0705 -0.3783 -0.7615 -0.5264

-0.1626 -0.1950  0.0795 0.5597 0.0728 -0.6175 -0.7615  0.1971
-0.1064 -0.1950  0.1719 0.5712 0.0612 -0.4063 -0.7273  0.5532
-0.0014 -0.1950  0.1979 0.5712 0.0448 -0.0034 -0.7615  0.6482

-0.0014 -0.1950  0.1979 0.5712 0.0448 -0.0034 -0.7615  0.6482
 0.1039 -0.1950  0.1730 0.5638 0.0302  0.4005 -0.7273  0.5574
 0.1610 -0.1950  0.0812 0.5482 0.0252  0.6154 -0.7615  0.2035

 0.1610 -0.1950  0.0812 0.5482 0.0252  0.6154 -0.7615  0.2035
 0.1699 -0.1950 -0.0266 0.5320 0.0278  0.6538 -0.7273 -0.2087
 0.1002 -0.1950 -0.1094 0.5224 0.0410  0.3837 -0.7615 -0.5224

-0.0998 -0.1950 -0.1104 0.5295 0.0705 -0.3783 -0.7615 -0.5264
 0.1002 -0.1950 -0.1094 0.5224 0.0410  0.3837 -0.7615 -0.5224
 0.0004 -0.1950 -0.1511 0.5199 0.0572 -0.0026 -0.8852 -0.4652

 0.1610 -0.1950  0.0812 0.5482 0.0252  0.6154 -0.7615  0.2035
 0.1002 -0.1950 -0.1094 0.5224 0.0410  0.3837 -0.7615 -0.5224
-0.0998 -0.1950 -0.1104 0.5295 0.0705 -0.3783 -0.7615 -0.5264

-0.1626 -0.1950  0.0795 0.5597 0.0728 -0.6175 -0.7615  0.1971
-0.0014 -0.1950  0.1979 0.5712 0.0448 -0.0034 -0.7615  0.6482
-0.0998 -0.1950 -0.1104 0.5295 0.0705 -0.3783 -0.7615 -0.5264

 0.1134  0.1619 -0.0932 0.6010 0.1107 -0.5291  0.3485 -0.7737
 0.1364  0.1950 -0.0785 0.6157 0.1293 -0.2060  0.8476 -0.4891
 0.1552  0.1950 -0.0196 0.6452 0.1185  0.0600  0.9195  0.3884

 0.1510  0.1619  0.0245 0.6740 0.2405  0.1103  0.5769  0.8094
 0.1552  0.1950 -0.0196 0.7038 0.2945  0.0600  0.9195  0.3884
 0.1863  0.1625 -0.0620 0.7661 0.2890  0.8070  0.4552 -0.3762

-0.0618  0.0724 -0.0576 0.5861 0.4418  0.0526  0.7883 -0.6130
-0.1006  0.0724  0.0597 0.4485 0.4480 -0.4094  0.8065  0.4265
-0.1519  0.1619  0.0159 0.4944 0.5485 -0.1271  0.5994  0.7903

 0.0618  0.0724 -0.0570 0.1521 0.7935 -0.0296  0.7878 -0.6152
 0.1616  0.0075 -0.0240 0.0503 0.7304  0.9334  0.2336 -0.2722
 0.2133  0.0969 -0.0602 0.0147 0.8160  0.9113 -0.2181 -0.3492

-0.1620  0.0075 -0.0257 0.0962 0.0317 -0.9332  0.2328 -0.2738
-0.2133  0.0969 -0.0695 0.0008 0.0652 -0.8970 -0.2311 -0.3767
-0.1519  0.1619  0.0159 0.0008 0.1863 -0.1271  0.5994  0.7903

 0.1616  0.0075 -0.0240 0.7987 0.1092  0.9334  0.2336 -0.2722
 0.0993  0.0724  0.0608 0.6740 0.1201  0.3975  0.8026  0.4448
 0.1510  0.1619  0.0245 0.6740 0.2405  0.1103  0.5769  0.8094

-0.1131  0.1619 -0.1015 0.8066 0.2523  0.5434  0.3270 -0.7732
-0.1362  0.1950 -0.0870 0.8003 0.2945  0.2111  0.8476 -0.4869
-0.1863  0.1625 -0.0710 0.8600 0.2925 -0.8031  0.4552 -0.3845

-0.1131  0.1619 -0.1015 0.3497 0.2321  0.5434  0.3270 -0.7732
-0.1519  0.1619  0.0159 0.3497 0.0929 -0.1271  0.5994  0.7903
-0.1556  0.1950 -0.0283 0.3163 0.1421 -0.0641  0.9195  0.3878

 0.1134  0.1619 -0.0932 0.1165 0.8791 -0.5291  0.3485 -0.7737
 0.2133  0.0969 -0.0602 0.0147 0.8160  0.9113 -0.2181 -0.3492
 0.1863  0.1625 -0.0620 0.0398 0.8797  0.8070  0.4552 -0.3762

-0.1519  0.1619  0.0159 0.2102 0.1863 -0.1271  0.5994  0.7903
-0.2133  0.0969 -0.0695 0.2102 0.0716 -0.8970 -0.2311 -0.3767
-0.1863  0.1625 -0.0710 0.1533 0.1269 -0.8031  0.4552 -0.3845

-0.0094 -0.1182 -0.2162 0.3623 0.5801 -0.2931  0.0969 -0.9512
-0.0214 -0.1463 -0.2140 0.3650 0.6049 -0.5907 -0.4260 -0.6853
 0.0025 -0.1463 -0.2139 0.3866 0.5912 -0.0011 -0.4110 -0.9116

 0.0025 -0.1463 -0.2139 0.3866 0.5912 -0.0011 -0.4110 -0.9116
 0.0264 -0.1463 -0.2138 0.4088 0.5772  0.5979 -0.4113 -0.6880
 0.0145 -0.1275 -0.2160 0.3841 0.5659  0.2793  0.0734 -0.9574

 0.0145 -0.1275 -0.2160 0.3841 0.5659  0.2793  0.0734 -0.9574
 0.0025 -0.1087 -0.2183 0.3595 0.5548  0.1017  0.5152 -0.8510
-0.0094 -0.1182 -0.2162 0.3623 0.5801 -0.2931  0.0969 -0.9512

