NUMPOLYS 93

 0.1194 -0.0569 -0.0817 0.4871 0.1179 -0.6434  0.7655  0.0033
 0.1088 -0.0597 -0.1612 0.4871 0.2269 -0.8870  0.4504  0.1014
 0.1062  0.0135 -0.1608 0.5904 0.2219 -0.9905 -0.0361  0.1327

 0.1194 -0.0569 -0.0817 0.6690 0.5590 -0.6434  0.7655  0.0033
 0.0870 -0.0764 -0.1613 0.6034 0.6601 -0.5465  0.8373  0.0167
 0.1088 -0.0597 -0.1612 0.6335 0.6664 -0.8870  0.4504  0.1014

 0.0301 -0.0881  0.1392 0.6034 0.2278 -0.4301  0.9016 -0.0464
 0.0870 -0.0764 -0.1613 0.6034 0.6601 -0.5465  0.8373  0.0167
 0.1194 -0.0569 -0.0817 0.6690 0.5590 -0.6434  0.7655  0.0033

-0.0298 -0.0881  0.1392 0.2299 0.5431  0.0000  0.9992  0.0388
-0.0867 -0.0764 -0.1613 0.0012 0.9100  0.0000  0.9992  0.0388
 0.0870 -0.0764 -0.1613 0.2299 0.9988  0.0000  0.9992  0.0388

-0.1191 -0.0569 -0.0817 0.6714 0.5653  0.4301  0.9016 -0.0464
-0.0867 -0.0764 -0.1613 0.7371 0.6664  0.4301  0.9016 -0.0464
-0.0298 -0.0881  0.1392 0.7371 0.2341  0.4301  0.9016 -0.0464

-0.0887  0.0051  0.0078 0.9452 0.4516  0.5749 -0.5238 -0.6286
-0.0298 -0.0881  0.1392 0.9452 0.2158  0.5749 -0.5238 -0.6286
 0.0001 -0.0555  0.1395 0.9033 0.2360  0.5749 -0.5238 -0.6286

 0.0001  0.0251 -0.2227 0.8058 0.6006  0.0000 -0.8022  0.5971
-0.0452  0.0715 -0.1604 0.8981 0.6664  0.0000 -0.8022  0.5971
 0.0454  0.0715 -0.1604 0.8981 0.5385  0.0000 -0.8022  0.5971

-0.0367  0.0574  0.0081 0.6009 0.5407  0.0000 -0.7587 -0.6515
 0.0001 -0.0555  0.1395 0.5434 0.3668  0.0000 -0.7587 -0.6515
 0.0370  0.0574  0.0081 0.4970 0.5407  0.0000 -0.7587 -0.6515

 0.0001 -0.0558 -0.2588 0.8665 0.9254 -0.1138  0.3262  0.9384
 0.0254 -0.0874 -0.2423 0.9253 0.9275 -0.0967  0.3975  0.9125
-0.0251 -0.0874 -0.2423 0.8836 0.8696  0.0000  0.4616  0.8871

 0.0001 -0.0558 -0.2588 0.8665 0.9254 -0.1138  0.3262  0.9384
 0.0525 -0.0681 -0.2453 0.9253 0.9746 -0.2251  0.1753  0.9584
 0.0254 -0.0874 -0.2423 0.9253 0.9275 -0.0967  0.3975  0.9125

 0.0146 -0.0407 -0.2576 0.8614 0.9544 -0.2509  0.0426  0.9671
 0.0525 -0.0681 -0.2453 0.9253 0.9746 -0.2251  0.1753  0.9584
 0.0001 -0.0558 -0.2588 0.8665 0.9254 -0.1138  0.3262  0.9384

 0.0146 -0.0407 -0.2576 0.8614 0.9544 -0.2509  0.0426  0.9671
 0.0580 -0.0495 -0.2447 0.9087 0.9962 -0.2955 -0.0661  0.9530
 0.0525 -0.0681 -0.2453 0.9253 0.9746 -0.2251  0.1753  0.9584

 0.0461 -0.0296 -0.2432 0.8764 0.9988 -0.3226 -0.2627  0.9093
 0.0580 -0.0495 -0.2447 0.9087 0.9962 -0.2955 -0.0661  0.9530
 0.0146 -0.0407 -0.2576 0.8614 0.9544 -0.2509  0.0426  0.9671

-0.0522 -0.0681 -0.2453 0.7100 0.7236  0.2251  0.1753  0.9584
 0.0001 -0.0558 -0.2588 0.7683 0.6750  0.1953  0.2193  0.9559
-0.0251 -0.0874 -0.2423 0.7100 0.6765  0.1541  0.3564  0.9216

-0.0522 -0.0681 -0.2453 0.7100 0.7236  0.2251  0.1753  0.9584
-0.0144 -0.0407 -0.2576 0.7736 0.7039  0.2509  0.0426  0.9671
 0.0001 -0.0558 -0.2588 0.7683 0.6750  0.1953  0.2193  0.9559

-0.0577 -0.0495 -0.2447 0.7267 0.7451  0.2955 -0.0661  0.9530
-0.0144 -0.0407 -0.2576 0.7736 0.7039  0.2509  0.0426  0.9671
-0.0522 -0.0681 -0.2453 0.7100 0.7236  0.2251  0.1753  0.9584

-0.0577 -0.0495 -0.2447 0.7267 0.7451  0.2955 -0.0661  0.9530
-0.0458 -0.0296 -0.2432 0.7591 0.7475  0.3226 -0.2627  0.9093
-0.0144 -0.0407 -0.2576 0.7736 0.7039  0.2509  0.0426  0.9671

-0.0522 -0.0681 -0.2453 0.3095 0.5231  0.6867  0.5995  0.4111
-0.0251 -0.0874 -0.2423 0.3429 0.5423  0.5323  0.7927  0.2971
-0.0867 -0.0764 -0.1613 0.3429 0.3991  0.5708  0.7605  0.3097

-0.0522 -0.0681 -0.2453 0.3095 0.5231  0.6867  0.5995  0.4111
-0.0867 -0.0764 -0.1613 0.3429 0.3991  0.5708  0.7605  0.3097
-0.1085 -0.0597 -0.1612 0.3181 0.3808  0.8167  0.3211  0.4796

-0.0577 -0.0495 -0.2447 0.8528 0.8436  0.7943 -0.0536  0.6051
-0.0522 -0.0681 -0.2453 0.8790 0.8461  0.6867  0.5995  0.4111
-0.1085 -0.0597 -0.1612 0.8790 0.7396  0.8167  0.3211  0.4796

-0.0577 -0.0495 -0.2447 0.8528 0.8436  0.7943 -0.0536  0.6051
-0.1085 -0.0597 -0.1612 0.8790 0.7396  0.8167  0.3211  0.4796
-0.1059  0.0135 -0.1608 0.7763 0.7270  0.7940 -0.1483  0.5896

-0.0458 -0.0296 -0.2432 0.1472 0.2726  0.5345 -0.4095  0.7393
-0.0577 -0.0495 -0.2447 0.1164 0.2622  0.7943 -0.0536  0.6051
-0.1059  0.0135 -0.1608 0.1164 0.3639  0.7940 -0.1483  0.5896

-0.0458 -0.0296 -0.2432 0.9988 0.6708  0.5345 -0.4095  0.7393
-0.1059  0.0135 -0.1608 0.9988 0.5513  0.7940 -0.1483  0.5896
-0.0594  0.0324 -0.2061 0.9484 0.5839  0.3917 -0.5241  0.7562

 0.0001  0.0251 -0.2227 0.8076 0.1397  0.1438 -0.6049  0.7832
-0.0458 -0.0296 -0.2432 0.8076 0.0405  0.5345 -0.4095  0.7393
-0.0594  0.0324 -0.2061 0.7395 0.0906  0.3917 -0.5241  0.7562

 0.0001  0.0251 -0.2227 0.9033 0.2134  0.1438 -0.6049  0.7832
-0.0594  0.0324 -0.2061 0.9580 0.1448  0.3917 -0.5241  0.7562
-0.0452  0.0715 -0.1604 0.9033 0.1000  0.0817 -0.7701  0.6327

-0.0867 -0.0764 -0.1613 0.4904 0.5742  0.6062  0.7937  0.0516
-0.1191 -0.0569 -0.0817 0.4904 0.4537  0.6062  0.7937  0.0516
-0.1085 -0.0597 -0.1612 0.4616 0.5631  0.6062  0.7937  0.0516

-0.0594  0.0324 -0.2061 0.5238 0.0557  0.6388 -0.6720  0.3747
-0.1059  0.0135 -0.1608 0.5904 0.1155  0.6388 -0.6720  0.3747
-0.0452  0.0715 -0.1604 0.5904 0.0321  0.6388 -0.6720  0.3747

-0.1162  0.0228 -0.0812 0.0012 0.3639  0.9530 -0.0324 -0.3011
-0.1191 -0.0569 -0.0817 0.1136 0.3639  0.9530 -0.0324 -0.3011
-0.0887  0.0051  0.0078 0.0247 0.2337  0.9530 -0.0324 -0.3011

-0.0298 -0.0881  0.1392 0.7075 0.6688  0.9283  0.0719 -0.3649
-0.0887  0.0051  0.0078 0.6034 0.8804  0.9283  0.0719 -0.3649
-0.1191 -0.0569 -0.0817 0.7075 0.9988  0.9283  0.0719 -0.3649

 0.0890  0.0051  0.0078 0.7100 0.9601 -0.5546 -0.5481 -0.6261
 0.0370  0.0574  0.0081 0.7739 0.9988 -0.5546 -0.5481 -0.6261
 0.0001 -0.0555  0.1395 0.7739 0.7499 -0.5546 -0.5481 -0.6261

 0.0001 -0.0555  0.1395 0.7395 0.4175  0.5546 -0.5482 -0.6261
-0.0367  0.0574  0.0081 0.7395 0.6664  0.5546 -0.5482 -0.6261
-0.0887  0.0051  0.0078 0.8034 0.6277  0.5546 -0.5482 -0.6261

 0.1165  0.0228 -0.0812 0.7395 0.2744 -0.6609 -0.6755 -0.3270
 0.0370  0.0574  0.0081 0.8142 0.1451 -0.6618 -0.6738 -0.3285
 0.0890  0.0051  0.0078 0.7395 0.1421 -0.6680 -0.6628 -0.3383

 0.1165  0.0228 -0.0812 0.7395 0.2744 -0.6609 -0.6755 -0.3270
 0.0480  0.0882 -0.0808 0.8330 0.2774 -0.6554 -0.6847 -0.3186
 0.0370  0.0574  0.0081 0.8142 0.1451 -0.6618 -0.6738 -0.3285

-0.0367  0.0574  0.0081 0.7583 0.2828  0.6618 -0.6738 -0.3285
-0.1162  0.0228 -0.0812 0.8330 0.4121  0.6609 -0.6755 -0.3270
-0.0887  0.0051  0.0078 0.8330 0.2798  0.6680 -0.6628 -0.3383

-0.0367  0.0574  0.0081 0.7583 0.2828  0.6618 -0.6738 -0.3285
-0.0477  0.0882 -0.0808 0.7395 0.4151  0.6555 -0.6847 -0.3186
-0.1162  0.0228 -0.0812 0.8330 0.4121  0.6609 -0.6755 -0.3270

 0.0597  0.0324 -0.2061 0.6714 0.1540 -0.3151 -0.6960  0.6452
 0.0454  0.0715 -0.1604 0.7362 0.1235 -0.4058 -0.7535  0.5172
 0.1062  0.0135 -0.1608 0.6714 0.0630 -0.6388 -0.6720  0.3747

 0.0597  0.0324 -0.2061 0.6714 0.1540 -0.3151 -0.6960  0.6452
 0.0001  0.0251 -0.2227 0.7108 0.2317 -0.0847 -0.5057  0.8585
 0.0454  0.0715 -0.1604 0.7362 0.1235 -0.4058 -0.7535  0.5172

 0.0461 -0.0296 -0.2432 0.7763 0.8691 -0.0704 -0.5124  0.8559
 0.0001  0.0251 -0.2227 0.8508 0.9332 -0.0847 -0.5057  0.8585
 0.0597  0.0324 -0.2061 0.8589 0.8485 -0.3151 -0.6960  0.6452

 0.0461 -0.0296 -0.2432 0.7763 0.8691 -0.0704 -0.5124  0.8559
-0.0458 -0.0296 -0.2432 0.7763 0.9988  0.0000 -0.5319  0.8468
 0.0001  0.0251 -0.2227 0.8508 0.9332 -0.0847 -0.5057  0.8585

 0.0146 -0.0407 -0.2576 0.4616 0.3655  0.0000 -0.6653  0.7466
-0.0458 -0.0296 -0.2432 0.4829 0.4513  0.0000 -0.5319  0.8468
 0.0461 -0.0296 -0.2432 0.4829 0.3217 -0.0704 -0.5124  0.8559

 0.0146 -0.0407 -0.2576 0.4616 0.3655  0.0000 -0.6653  0.7466
-0.0144 -0.0407 -0.2576 0.4616 0.4065  0.0000 -0.6653  0.7466
-0.0458 -0.0296 -0.2432 0.4829 0.4513  0.0000 -0.5319  0.8468

 0.0001 -0.0558 -0.2588 0.8053 0.6750  0.0000 -0.0808  0.9967
-0.0144 -0.0407 -0.2576 0.7760 0.6759  0.0000 -0.6653  0.7466
 0.0146 -0.0407 -0.2576 0.8053 0.7044  0.0000 -0.6653  0.7466

 0.0525 -0.0681 -0.2453 0.1397 0.2121 -0.6867  0.5995  0.4111
 0.0870 -0.0764 -0.1613 0.1063 0.0881 -0.5707  0.7605  0.3097
 0.0254 -0.0874 -0.2423 0.1063 0.2313 -0.5323  0.7927  0.2971

 0.0525 -0.0681 -0.2453 0.1397 0.2121 -0.6867  0.5995  0.4111
 0.1088 -0.0597 -0.1612 0.1311 0.0699 -0.8166  0.3211  0.4796
 0.0870 -0.0764 -0.1613 0.1063 0.0881 -0.5707  0.7605  0.3097

 0.0580 -0.0495 -0.2447 0.0274 0.2288 -0.7943 -0.0536  0.6052
 0.1088 -0.0597 -0.1612 0.0012 0.1249 -0.8166  0.3211  0.4796
 0.0525 -0.0681 -0.2453 0.0012 0.2313 -0.6867  0.5995  0.4111

 0.0580 -0.0495 -0.2447 0.0274 0.2288 -0.7943 -0.0536  0.6052
 0.1062  0.0135 -0.1608 0.1039 0.1123 -0.7940 -0.1483  0.5896
 0.1088 -0.0597 -0.1612 0.0012 0.1249 -0.8166  0.3211  0.4796

 0.0461 -0.0296 -0.2432 0.3086 0.0949 -0.6483 -0.3693  0.6658
 0.1062  0.0135 -0.1608 0.3396 0.1911 -0.7940 -0.1483  0.5896
 0.0580 -0.0495 -0.2447 0.3396 0.0856 -0.7943 -0.0536  0.6052

 0.0461 -0.0296 -0.2432 0.3086 0.0949 -0.6483 -0.3693  0.6658
 0.0597  0.0324 -0.2061 0.2683 0.1700 -0.7257 -0.2288  0.6489
 0.1062  0.0135 -0.1608 0.3396 0.1911 -0.7940 -0.1483  0.5896

 0.0870 -0.0764 -0.1613 0.5220 0.9988  0.0000  0.9992  0.0388
 0.0301 -0.0881  0.1392 0.6009 0.5738  0.0000  0.9992  0.0388
-0.0298 -0.0881  0.1392 0.5220 0.5431  0.0000  0.9992  0.0388

 0.0480  0.0882 -0.0808 0.1496 0.2304  0.0000 -0.9449 -0.3273
-0.0367  0.0574  0.0081 0.2717 0.3482  0.0000 -0.9449 -0.3273
 0.0370  0.0574  0.0081 0.2717 0.2443  0.0000 -0.9449 -0.3273

 0.0480  0.0882 -0.0808 0.1496 0.2304  0.0000 -0.9449 -0.3273
-0.0477  0.0882 -0.0808 0.1496 0.3655  0.0000 -0.9449 -0.3273
-0.0367  0.0574  0.0081 0.2717 0.3482  0.0000 -0.9449 -0.3273

-0.1162  0.0228 -0.0812 0.4393 0.0926  0.6797 -0.7133  0.1711
-0.0452  0.0715 -0.1604 0.3498 0.2064  0.6797 -0.7133  0.1711
-0.1059  0.0135 -0.1608 0.4332 0.2064  0.6796 -0.7134  0.1710

-0.1162  0.0228 -0.0812 0.4393 0.0926  0.6797 -0.7133  0.1711
-0.0477  0.0882 -0.0808 0.3454 0.0926  0.6797 -0.7132  0.1712
-0.0452  0.0715 -0.1604 0.3498 0.2064  0.6797 -0.7133  0.1711

 0.0454  0.0715 -0.1604 0.2446 0.2280 -0.6797 -0.7133  0.1711
 0.1165  0.0228 -0.0812 0.1496 0.1142 -0.6796 -0.7133  0.1711
 0.1062  0.0135 -0.1608 0.1560 0.2280 -0.6796 -0.7134  0.1710

 0.0454  0.0715 -0.1604 0.2446 0.2280 -0.6797 -0.7133  0.1711
 0.0480  0.0882 -0.0808 0.2496 0.1142 -0.6797 -0.7132  0.1712
 0.1165  0.0228 -0.0812 0.1496 0.1142 -0.6796 -0.7133  0.1711

-0.0477  0.0882 -0.0808 0.6009 0.3644  0.0000 -0.9788  0.2050
 0.0454  0.0715 -0.1604 0.4871 0.2324  0.0000 -0.9788  0.2050
-0.0452  0.0715 -0.1604 0.4871 0.3603  0.0000 -0.9788  0.2050

-0.0477  0.0882 -0.0808 0.6009 0.3644  0.0000 -0.9788  0.2050
 0.0480  0.0882 -0.0808 0.6009 0.2293  0.0000 -0.9788  0.2050
 0.0454  0.0715 -0.1604 0.4871 0.2324  0.0000 -0.9788  0.2050

 0.1194 -0.0569 -0.0817 0.2323 0.8742 -0.9840 -0.0045 -0.1781
 0.1062  0.0135 -0.1608 0.3095 0.9988 -0.9905 -0.0364  0.1324
 0.1165  0.0228 -0.0812 0.3429 0.8942 -0.9960 -0.0353 -0.0821

 0.1194 -0.0569 -0.0817 0.2323 0.8742 -0.9840 -0.0045 -0.1781
 0.1165  0.0228 -0.0812 0.3429 0.8942 -0.9960 -0.0353 -0.0821
 0.0890  0.0051  0.0078 0.3429 0.7619 -0.9250 -0.0062 -0.3799

 0.0301 -0.0881  0.1392 0.2508 0.5448 -0.6956 -0.4014 -0.5959
 0.1194 -0.0569 -0.0817 0.2323 0.8742 -0.9840 -0.0045 -0.1781
 0.0890  0.0051  0.0078 0.3429 0.7619 -0.9250 -0.0062 -0.3799

 0.0301 -0.0881  0.1392 0.2508 0.5448 -0.6956 -0.4014 -0.5959
 0.0890  0.0051  0.0078 0.3429 0.7619 -0.9250 -0.0062 -0.3799
 0.0001 -0.0555  0.1395 0.2972 0.5470 -0.5749 -0.5238 -0.6286

-0.1059  0.0135 -0.1608 0.3454 0.2231  0.9905 -0.0362  0.1326
-0.1191 -0.0569 -0.0817 0.4542 0.3212  0.9905 -0.0363  0.1326
-0.1162  0.0228 -0.0812 0.4542 0.2088  0.9905 -0.0364  0.1324

-0.1059  0.0135 -0.1608 0.3454 0.2231  0.9905 -0.0362  0.1326
-0.1085 -0.0597 -0.1612 0.3454 0.3265  0.9905 -0.0361  0.1327
-0.1191 -0.0569 -0.0817 0.4542 0.3212  0.9905 -0.0363  0.1326

-0.0251 -0.0874 -0.2423 0.3454 0.4159  0.0000  0.9909 -0.1343
 0.0870 -0.0764 -0.1613 0.4592 0.5742  0.0000  0.9909 -0.1343
-0.0867 -0.0764 -0.1613 0.4592 0.3289  0.0000  0.9909 -0.1343

-0.0251 -0.0874 -0.2423 0.3454 0.4159  0.0000  0.9909 -0.1343
 0.0254 -0.0874 -0.2423 0.3454 0.4873  0.0000  0.9909 -0.1343
 0.0870 -0.0764 -0.1613 0.4592 0.5742  0.0000  0.9909 -0.1343

-0.0190 -0.0511 -0.2583 0.3020 0.4569 -0.0037  0.1329  0.9911
-0.0795 -0.0476 -0.2590 0.3071 0.5423 -0.0037  0.1329  0.9911
-0.0188 -0.0475 -0.2587 0.3071 0.4567 -0.0037  0.1329  0.9911

-0.0190 -0.0511 -0.2583 0.4894 0.0494 -0.0168  0.1307  0.9913
-0.0173 -0.0551 -0.2577 0.4835 0.0474 -0.0146  0.1282  0.9916
-0.0648 -0.0688 -0.2561 0.4683 0.1155 -0.0036  0.1327  0.9911

-0.0190 -0.0511 -0.2583 0.4894 0.0494 -0.0168  0.1307  0.9913
-0.0035 -0.0506 -0.2580 0.4887 0.0276 -0.0242  0.1325  0.9909
-0.0173 -0.0551 -0.2577 0.4835 0.0474 -0.0146  0.1282  0.9916

-0.0188 -0.0475 -0.2587 0.4944 0.0489 -0.0163  0.1360  0.9906
-0.0035 -0.0506 -0.2580 0.4887 0.0276 -0.0242  0.1325  0.9909
-0.0190 -0.0511 -0.2583 0.4894 0.0494 -0.0168  0.1307  0.9913

-0.0188 -0.0475 -0.2587 0.4944 0.0489 -0.0163  0.1360  0.9906
-0.0174 -0.0445 -0.2592 0.4986 0.0466 -0.0139  0.1378  0.9904
-0.0035 -0.0506 -0.2580 0.4887 0.0276 -0.0242  0.1325  0.9909

-0.0671 -0.0316 -0.2611 0.5214 0.1155 -0.0036  0.1331  0.9911
-0.0174 -0.0445 -0.2592 0.4986 0.0466 -0.0139  0.1378  0.9904
-0.0188 -0.0475 -0.2587 0.4944 0.0489 -0.0163  0.1360  0.9906

 0.2025 -0.0793 -0.0956 0.0012 0.5265 -0.2371 -0.9453  0.2240
 0.0795 -0.0544 -0.1207 0.0786 0.3663 -0.2553 -0.8967  0.3616
 0.0948 -0.0270 -0.0696 0.0012 0.3666 -0.2699 -0.8126  0.5166

 0.2025 -0.0793 -0.0956 0.0012 0.5265 -0.2371 -0.9453  0.2240
 0.1852 -0.0862 -0.1978 0.1472 0.5407 -0.2174 -0.9707  0.1025
 0.0795 -0.0544 -0.1207 0.0786 0.3663 -0.2553 -0.8967  0.3616

 0.0816 -0.0687 -0.0748 0.6069 0.0567 -0.0072  0.8728 -0.4880
 0.2025 -0.0793 -0.0956 0.6391 0.2254 -0.0081  0.8707 -0.4918
 0.0948 -0.0270 -0.0696 0.6690 0.0567 -0.1528  0.1694 -0.9736

 0.0816 -0.0687 -0.0748 0.9009 0.2798 -0.0072  0.8728 -0.4880
 0.0795 -0.0544 -0.1207 0.8354 0.2798  0.1332  0.9482  0.2884
 0.2025 -0.0793 -0.0956 0.8801 0.4516 -0.0081  0.8707 -0.4918

-0.0008 -0.0838  0.1135 0.9476 0.4516 -0.2939  0.9558  0.0092
 0.0222 -0.0767  0.1126 0.9791 0.4431 -0.2939  0.9558  0.0092
 0.0468 -0.0706  0.2610 0.9476 0.2334 -0.2939  0.9558  0.0092

 0.0468 -0.0706  0.2610 0.5196 0.7884 -0.0878 -0.9956  0.0337
 0.1548 -0.0882  0.2033 0.3454 0.7884 -0.1281 -0.9898  0.0618
 0.0222 -0.0767  0.1126 0.4502 0.9893 -0.5224 -0.8441  0.1209

 0.0468 -0.0706  0.2610 0.5196 0.7884 -0.0878 -0.9956  0.0337
 0.0222 -0.0767  0.1126 0.4502 0.9893 -0.5224 -0.8441  0.1209
-0.0009 -0.0532  0.1163 0.4834 0.9988  0.4683 -0.8458 -0.2554

-0.0008 -0.0838  0.1135 0.9009 0.2763  0.9505  0.0301 -0.3093
 0.0468 -0.0706  0.2610 0.8576 0.0639 -0.0878 -0.9956  0.0337
-0.0009 -0.0532  0.1163 0.8576 0.2774  0.4683 -0.8458 -0.2554

-0.0466 -0.0700  0.2611 0.9774 0.6774  0.2953  0.9554  0.0059
-0.0220 -0.0767  0.1127 0.9458 0.8870  0.2953  0.9554  0.0059
 0.0011 -0.0839  0.1136 0.9774 0.8955  0.2953  0.9554  0.0059

-0.0466 -0.0700  0.2611 0.9033 0.4541  0.0863 -0.9956  0.0376
 0.0011 -0.0839  0.1136 0.9033 0.6708 -0.9502  0.0303 -0.3103
 0.0012 -0.0533  0.1163 0.9460 0.6632 -0.4694 -0.8461 -0.2526

-0.0466 -0.0700  0.2611 0.3454 0.5766  0.0863 -0.9956  0.0376
 0.0012 -0.0533  0.1163 0.3844 0.7859 -0.4694 -0.8461 -0.2526
-0.0220 -0.0767  0.1127 0.4157 0.7772  0.5210 -0.8444  0.1247

-0.1547 -0.0877  0.2033 0.5185 0.5766  0.1266 -0.9898  0.0657
-0.0466 -0.0700  0.2611 0.3454 0.5766  0.0863 -0.9956  0.0376
-0.0220 -0.0767  0.1127 0.4157 0.7772  0.5210 -0.8444  0.1247

-0.0793 -0.0545 -0.1207 0.2175 0.3679  0.2478 -0.8988  0.3615
-0.2025 -0.0783 -0.0956 0.2955 0.5255  0.2291 -0.9473  0.2239
-0.0943 -0.0270 -0.0696 0.2955 0.3695  0.2631 -0.8148  0.5166

-0.0793 -0.0545 -0.1207 0.2175 0.3679  0.2478 -0.8988  0.3615
-0.1852 -0.0854 -0.1977 0.1496 0.5407  0.2093 -0.9725  0.1025
-0.2025 -0.0783 -0.0956 0.2955 0.5255  0.2291 -0.9473  0.2239

-0.2025 -0.0783 -0.0956 0.9112 0.8461  0.0153  0.8706 -0.4918
-0.0815 -0.0687 -0.0748 0.9434 0.6774  0.0145  0.8727 -0.4881
-0.0943 -0.0270 -0.0696 0.8814 0.6774  0.1541  0.1681 -0.9737

-0.2025 -0.0783 -0.0956 0.2947 0.3655  0.0153  0.8706 -0.4918
-0.0793 -0.0545 -0.1207 0.3396 0.1935 -0.1251  0.9493  0.2884
-0.0815 -0.0687 -0.0748 0.2741 0.1935  0.0145  0.8727 -0.4881

 0.0191 -0.0476 -0.2587 0.3071 0.4543  0.0038  0.1329  0.9911
 0.0798 -0.0478 -0.2590 0.3071 0.3687  0.0038  0.1329  0.9911
 0.0193 -0.0511 -0.2583 0.3020 0.4540  0.0038  0.1329  0.9911

 0.0193 -0.0511 -0.2583 0.1709 0.0900  0.0171  0.1309  0.9913
 0.0650 -0.0689 -0.2561 0.1496 0.0239  0.0039  0.1330  0.9911
 0.0176 -0.0551 -0.2577 0.1650 0.0920  0.0149  0.1284  0.9916

 0.0193 -0.0511 -0.2583 0.1709 0.0900  0.0171  0.1309  0.9913
 0.0176 -0.0551 -0.2577 0.1650 0.0920  0.0149  0.1284  0.9916
 0.0038 -0.0505 -0.2580 0.1702 0.1118  0.0244  0.1325  0.9909

 0.0191 -0.0476 -0.2587 0.1759 0.0905  0.0165  0.1358  0.9906
 0.0193 -0.0511 -0.2583 0.1709 0.0900  0.0171  0.1309  0.9913
 0.0038 -0.0505 -0.2580 0.1702 0.1118  0.0244  0.1325  0.9909

 0.0191 -0.0476 -0.2587 0.1759 0.0905  0.0165  0.1358  0.9906
 0.0038 -0.0505 -0.2580 0.1702 0.1118  0.0244  0.1325  0.9909
 0.0177 -0.0445 -0.2592 0.1801 0.0928  0.0142  0.1374  0.9904

 0.0674 -0.0317 -0.2611 0.2027 0.0239  0.0039  0.1328  0.9911
 0.0191 -0.0476 -0.2587 0.1759 0.0905  0.0165  0.1358  0.9906
 0.0177 -0.0445 -0.2592 0.1801 0.0928  0.0142  0.1374  0.9904

